Open,High,Low,Close,Volume,Dividends,Stock Splits,Moving_Average,RSI,EMA_12,EMA_26,MACD,Signal_Line
215.51289221314667,216.6616222741377,214.26426595466958,216.55174255371094,45519300,0.0,0.0,,,216.55174255371094,216.55174255371094,0.0,0.0
217.31091546092293,222.46524827574677,217.30091669603667,220.4474639892578,59894900,0.0,0.0,,,217.15108431302582,216.8403145118996,0.310769801126213,0.062153960225242603
224.74274368478322,229.56743739121873,224.38313871157,228.61846923828125,66781300,0.0,0.0,,,218.91529737844974,217.71277041755752,1.2025269608922144,0.290228560358637
229.7172625160979,232.83382873595048,227.36983908638868,227.94920349121094,318679900,0.0,0.0,,,220.30512908810533,218.47102471930964,1.8341043687956926,0.5990037220460481
227.09015412184934,229.19783588273827,225.56183678133013,226.2211151123047,54146000,0.0,0.0,223.9575988769531,,221.21528078413598,219.04510548916113,2.170175294974854,0.9132380366318094
228.39870925768025,229.09795215651428,225.48192014495527,227.1201171875,43556100,0.0,0.0,226.07127380371094,,222.1237171538843,219.64325450385292,2.4804626500313702,1.2266829593117214
224.6827959331431,227.04020291666632,223.77380760174057,226.1212158203125,42308700,0.0,0.0,227.20602416992188,,222.7387169487194,220.12310349025734,2.6156134584620645,1.50446905914179
227.05019905798116,228.24887720276465,225.16227678839184,227.26995849609375,36636700,0.0,0.0,226.9363220214844,,223.43583103293085,220.65250015735631,2.783330875574535,1.7602414224283391
228.20893469195548,229.26776733886913,227.05020584581527,227.53965759277344,34026000,0.0,0.0,226.8544128417969,,224.0671889652143,221.1626599673872,2.9045289978271,1.9890989375080914
229.78718847660608,232.7439422607422,229.39761768078608,232.7439422607422,54541900,0.0,0.0,228.1589782714844,,225.4020740876032,222.02053272985796,3.381541357745249,2.2675874215555227
229.2677705196639,229.3976172900359,223.49412373913023,225.96141052246094,63285000,0.0,0.0,227.92723693847657,,225.48812584681207,222.3124496033841,3.175676243427972,2.449205185930013
225.64175566026316,227.12012493395358,222.77491454853467,226.53077697753906,32880600,0.0,0.0,228.00914916992187,,225.64853371307777,222.62491829776593,3.0236154153118378,2.564087231806378
224.8925655126969,226.56072831643584,223.0745736591087,225.42198181152344,34044200,0.0,0.0,227.63955383300782,,225.6136795743771,222.8321081876739,2.781571386703206,2.6075840627857434
227.6495326914976,227.74942888869526,223.88368688105714,226.55075073242188,37245100,0.0,0.0,227.4417724609375,65.34806146391597,225.75784436792247,223.10756319098857,2.650281176933902,2.616123485615375
224.25327473060864,225.44196936055414,221.08676038639473,221.4463653564453,39505400,0.0,0.0,225.18225708007813,56.49523630564427,225.0945399046183,222.98451149954093,2.1100284050773723,2.514904469507775
224.05349542674807,225.73164177618557,223.0046463373399,225.52188110351562,31855700,0.0,0.0,225.09435119628907,56.701846168107906,225.16028470444866,223.17246480353904,1.9878199009096136,2.4094875557881426
224.9824739985636,229.49751090746852,224.58291968465133,229.28773498535156,33591100,0.0,0.0,225.64574279785157,51.000301497590065,225.7952770553568,223.62544777996962,2.1698292753871726,2.3615558997079487
227.5296744960524,229.24778548023318,226.9203442604764,228.7882843017578,28183500,0.0,0.0,226.31900329589843,51.260509980470005,226.25573970864923,224.0078801149169,2.247859593732329,2.338816638512825
229.04800351672907,229.15788323697032,227.09015084025384,227.2999267578125,31759200,0.0,0.0,226.46883850097657,51.63240360758404,226.41638387005898,224.25173542179806,2.1646484482609196,2.303983000462444
228.44865815944695,231.47532700331138,228.34877720356226,231.04580688476562,39882100,0.0,0.0,228.38872680664062,55.468976524176895,227.12860279539848,224.75499997461046,2.3736028207880224,2.31790696452756
233.3532605949055,237.22900130875718,232.11461788171079,233.59300231933594,64751400,0.0,0.0,230.0029510498047,59.978659849991296,228.12312579908118,225.4096668149605,2.7134589841206775,2.3970173684461833
231.34547369396782,231.86489123072647,229.5873982094942,231.5252685546875,34082200,0.0,0.0,230.45045776367186,55.5468613877377,228.6465323768668,225.86267435123656,2.7838580256302237,2.4743854998829917
233.17345903647427,233.59301088010824,230.26666863657624,231.89486694335938,32993800,0.0,0.0,231.0717742919922,55.66233462216782,229.1462761563272,226.30950343213453,2.836772724192656,2.5468629447449245
235.9204255737285,235.9204255737285,233.75281228137578,234.74172973632812,46431500,0.0,0.0,232.5601348876953,52.76699597484053,230.00711516863504,226.93411278800073,3.073002380634307,2.652090831922801
234.19234018879644,236.5897117727769,234.19234018879644,236.22010803222656,36254500,0.0,0.0,233.5949951171875,66.65581571416112,230.96296022457219,227.621964287573,3.340995936999178,2.789871852938077
233.6329632952546,235.96040454410334,232.3443876620224,235.60079956054688,38846600,0.0,0.0,233.99655456542968,64.70206462534051,231.6764739685683,228.2129891226081,3.4634848459602097,2.9245944515425033
233.822752128634,234.88158476901867,227.50969037853835,230.5063934326172,52287000,0.0,0.0,233.79277954101562,57.29854165845281,231.496461578422,228.38287092334951,3.1135906550724712,2.962393692248497
229.7272566761152,230.56634513279107,228.15898997077215,230.31661987304688,31109500,0.0,0.0,233.4771301269531,55.555575564831855,231.31494746990273,228.52611158629006,2.788835883612677,2.9276821305213327
229.4875225740561,232.96369380669327,229.3177112321018,231.1556854248047,38802300,0.0,0.0,232.75992126464843,66.38572149603948,231.29044561681073,228.72089483358744,2.569550783223292,2.8560558610617246
233.06359498314518,234.472033847566,232.29443692443334,233.14349365234375,36087100,0.0,0.0,232.14459838867188,63.83751468274196,231.57552992996966,229.0484947460879,2.5270351838817646,2.790251725625733
232.84382710997653,234.07247106119948,232.06468555632105,233.41319274902344,35417200,0.0,0.0,231.7070770263672,58.579147511353575,231.85824728674714,229.3718057092683,2.4864415774788426,2.729489695996355
232.35435817157438,233.21341362628857,229.29772360355057,229.8471221923828,47070900,0.0,0.0,231.57522277832032,51.952844896971335,231.5488434260757,229.40701433764713,2.1418290884285796,2.6119575744828
229.08795100904055,229.57741798472995,225.1223128313268,225.66172790527344,64370100,0.0,0.0,230.6442443847656,47.25200581742083,230.64313334595226,229.12958571302687,1.5135476329253947,2.392275586171319
220.72715344034327,225.10234466312102,220.02792579428782,222.66502380371094,65276700,0.0,0.0,228.94611206054688,35.579214900661384,229.41573187791514,228.65072927529977,0.7650026026153682,2.0668209894601293
220.74713841963055,222.54514803369162,219.46854635353304,221.76600646972656,44944500,0.0,0.0,226.67061462402344,28.425623354283445,228.23885104588612,228.14074980822028,0.09810123766584411,1.6730770391012724
221.5562414690178,223.70387248945224,220.896963160989,223.2044219970703,28111300,0.0,0.0,224.6288604736328,34.46473023844402,227.46432349991446,227.77509589628323,-0.31077239636877607,1.2763071520072629
222.36535526416637,225.82155947797517,220.94691765378838,222.47523498535156,54561100,0.0,0.0,223.15448303222655,32.64627782934613,226.69677142075093,227.38251360658458,-0.6857421858336465,0.8838972844390811
224.38313701629485,227.629565273657,224.32320539488208,227.22999572753906,42137700,0.0,0.0,223.4681365966797,37.07013067785758,226.77880592948756,227.37121598591455,-0.592410056426985,0.5886358162658679
227.1699981689453,228.66000366210938,226.41000366210938,226.9600067138672,38328800,0.25,0.0,224.32713317871094,33.36883172119863,226.80668297323825,227.34075603983698,-0.5340730665987223,0.3640940396929499
225.0,225.6999969482422,221.5,224.22999572753906,42005600,0.0,0.0,224.81993103027344,31.0172134726361,226.410269550823,227.11032935003712,-0.7000597992141309,0.15126327191153374
224.5500030517578,225.58999633789062,223.36000061035156,224.22999572753906,40398300,0.0,0.0,225.0250457763672,37.3744287752401,226.07484280877932,226.89697130392614,-0.8221284951468135,-0.04341508150013572
224.00999450683594,226.64999389648438,222.75999450683594,225.1199951171875,48566200,0.0,0.0,225.5539978027344,39.832915981529055,225.92794316391902,226.76534343824179,-0.8374002743227607,-0.20221212006466072
225.02000427246094,228.8699951171875,225.0,228.22000122070312,44923900,0.0,0.0,225.7519989013672,44.72323107987356,226.28056748034737,226.87309586657224,-0.5925283862248705,-0.2802753732967027
226.39999389648438,226.9199981689453,224.27000427246094,225.0,47923700,0.0,0.0,225.35999755859376,35.98330052128091,226.08355709875548,226.73434802460392,-0.6507909258484403,-0.3543784838070503
225.25,229.74000549316406,225.1699981689453,228.02000427246094,44686000,0.0,0.0,226.1179992675781,41.520026717645166,226.3814720485563,226.82958182074148,-0.4481097721851768,-0.3731247414826756
226.97999572753906,230.16000366210938,226.66000366210938,228.27999877929688,36211800,0.0,0.0,226.9279998779297,47.25003199723244,226.67355308405484,226.9370201139678,-0.26346702991295956,-0.35119319916873243
228.05999755859375,229.92999267578125,225.88999938964844,229.0,35169600,0.0,0.0,227.7040008544922,56.669050462706394,227.03146799420026,227.08983343885907,-0.05836544465881843,-0.29262764826674964
228.8800048828125,230.16000366210938,225.7100067138672,228.52000427246094,42108300,0.0,0.0,227.76400146484374,63.00448856033935,227.26047357547114,227.19577201912588,0.06470155634525554,-0.22116180734434862
228.05999755859375,230.72000122070312,228.05999755859375,229.8699951171875,38168300,0.0,0.0,228.73800048828124,67.64624772653421,227.6619384280429,227.3938626189823,0.2680758090606048,-0.12331428406335794
231.4600067138672,233.25,229.74000549316406,232.8699951171875,90152800,0.0,0.0,229.70799865722657,69.7064026217007,228.46317791868054,227.7995020632938,0.6636758553867423,0.03408374382666211
233.3300018310547,235.57000732421875,233.3300018310547,235.05999755859375,45986200,0.0,0.0,231.06399841308593,74.21566387952109,229.47807324789795,228.33731654442715,1.1407567034707995,0.2554183357554896
234.47000122070312,235.69000244140625,233.80999755859375,234.92999267578125,33498400,0.0,0.0,232.2499969482422,68.02433691062393,230.31683008295693,228.82566292452745,1.4911671584294766,0.5025681002902871
234.80999755859375,237.80999755859375,233.97000122070312,237.3300018310547,28481400,0.0,0.0,234.01199645996093,72.07319275425772,231.3957795826643,229.45561395464057,1.9401656280237205,0.7900876058369738
237.27000427246094,240.7899932861328,237.16000366210938,239.58999633789062,48137100,0.0,0.0,235.95599670410155,83.36228879142061,232.6564283142376,230.20630894599245,2.45011936824514,1.1220939583186071
239.80999755859375,242.75999450683594,238.89999389648438,242.64999389648438,38861000,0.0,0.0,237.91199645996093,85.31441118806164,234.19389994227555,231.1280633867696,3.065836555505939,1.5108424777560736
242.8699951171875,244.11000061035156,241.25,243.00999450683594,44383900,0.0,0.0,239.5019958496094,85.00977935972816,235.55022218297717,232.00820643270046,3.542015750276704,1.9170771322601996
243.99000549316406,244.5399932861328,242.1300048828125,243.0399932861328,40033900,0.0,0.0,241.12399597167968,82.96262206863877,236.70249466038575,232.825375829251,3.8771188311347657,2.309085472035113
242.91000366210938,244.6300048828125,242.0800018310547,242.83999633789062,36870600,0.0,0.0,242.2259948730469,95.8376263398493,237.6467256876942,233.56719957063171,4.079526117062471,2.6631736010405844
241.8300018310547,247.24000549316406,241.75,246.75,44649200,0.0,0.0,243.65799560546876,96.01966622602363,239.04722942804892,234.54370330614046,4.503526121908465,3.0312441052141605
246.88999938964844,248.2100067138672,245.33999633789062,247.77000427246094,36914800,0.0,0.0,244.68199768066407,96.16296762115414,240.38919478872768,235.52342930364568,4.865765485081994,3.3981483811877276
247.9600067138672,250.8000030517578,246.25999450683594,246.49000549316406,45205800,0.0,0.0,245.37799987792968,90.35534603373551,241.32778105094866,236.33576828064705,4.9920127703016135,3.7169212590105047
246.88999938964844,248.74000549316406,245.67999267578125,247.9600067138672,32777500,0.0,0.0,246.36200256347655,92.89496756329433,242.34812346062841,237.1968229794041,5.151300481224325,4.00379710345327
247.82000732421875,249.2899932861328,246.24000549316406,248.1300048828125,33155300,0.0,0.0,247.42000427246094,92.50465648562137,243.23764367942596,238.0066883055825,5.2309553738434715,4.24922875753131
247.99000549316406,251.3800048828125,247.64999389648438,251.0399932861328,51665600,0.0,0.0,248.2780029296875,92.473115211351,244.43800515738087,238.9721183041418,5.465886853239084,4.4925603766728655
